-1289.493483,6438.314853
746.333352,1.548560
473.847796,-1634.070671
-919.222421,-2048.346508
1524.755001,-1081.197824
936.356221,766.341168
184.268775,-521.136243
637.039717,-1555.018578
880.464932,-933.393648
1810.289539,-1690.061396
1921.544857,436.989089
-1811.211564,6301.357742
1199.395506,1287.742511
2401.563173,402.446610
-2780.716785,7308.380649
-2219.232889,-1955.151057
-557.656006,-558.221748
1273.902398,-601.260547
437.831360,-1184.842952
1703.929904,-667.791955
-4331.142266,-3665.153747
-2219.170601,-765.576881
322.203284,-452.542789
286.511661,3736.336732
-3379.996764,4517.248013
492.493283,-1043.937859
1900.729900,1279.795214
-3613.543232,-3095.352433
-2518.996730,5265.239592
-774.089488,-1170.342004
-3774.110096,-2274.041058
2047.334174,-497.867797
1866.585480,-1103.945613
-2255.498733,7151.358673
456.886921,-805.502324
-2057.748924,7033.927626
-871.011252,5793.212615
1457.698467,294.568053
-1583.745737,-413.813337
-1446.294362,-1538.837996
2457.558464,-338.949382
-1648.365365,-1091.384947
-573.291603,-1015.573694
-1380.147929,-2064.470150
-225.954475,-2642.450895
-2965.227852,-2188.516288
845.941635,-1026.115873
763.002034,-1519.521934
-363.473425,-1299.870318
-2050.576302,6080.269649
-3883.845989,-3648.684984
1174.754369,620.191194
1125.687651,1397.614448
1714.148652,-574.957550
-2384.048379,-2217.621067
-438.627448,-1531.917191
-1393.144458,5847.141546
785.068654,75.372593
879.985478,-2120.014472
2560.125250,-45.571553
-1972.387972,-919.349329
1087.065486,202.400128
-847.013725,-1210.800474
-2738.724799,7290.271505
1947.760360,64.951201
-1786.578073,-1943.434769
-1541.788300,-1959.629076
-3434.302045,-1105.161640
506.039200,-1082.067570
1236.167200,-1594.730284
-2620.107479,6292.589361
-2993.544917,-1831.601596
-2515.991006,7545.729413
281.486534,-682.429412
866.633872,2640.529368
1823.894333,-1726.195258
1944.591990,415.052159
1332.447148,609.985511
-2274.079569,-1074.356037
395.519498,-1972.809067
-3064.273969,1283.618096
600.294117,1639.787990
-3409.937439,3683.062243
-1978.102691,-1447.486150
-4226.816750,-3670.864348
-434.967894,-2605.158772
-1090.057094,-30.617037
2451.790632,548.656073
938.860729,-1770.093738
-771.717625,-1519.609327
1729.420292,-1308.118179
-293.524518,-1045.917430
1961.278672,1515.699935
1449.964171,-370.878579
-184.622471,4459.602314
2055.369733,746.674420
1551.674199,-1519.982840
2325.995615,238.316928
-2568.463669,-1690.827973
-3340.135142,4318.246523
-3162.808225,-274.831434
-176.173431,4639.587625
227.906603,1359.925358
2090.214929,-1591.132703
1019.957266,-134.328554
-1758.801149,7324.730971
-3391.876819,2981.512777
2457.200830,-725.744830
1208.202584,1672.019699
2044.319224,-1980.621920
-1374.618141,-1629.969774
1315.847085,-1324.734382
2417.436171,-666.759229
-121.563284,-740.922869
38.154917,-2583.808573
-1886.770304,2709.956519
489.729272,220.159328
-1334.815158,6500.110238
931.728321,2303.996918
1670.866252,1714.537692
-3430.546751,4577.699014
-4033.439083,-3685.812181
-3257.546612,3095.188909
1901.475228,-651.381876
-3923.399362,-3470.076101
663.826725,-2787.063229
-593.851823,-808.906227
-2507.033114,7345.216233
1007.740999,-1380.546378
-3246.231358,4457.429495
-1669.712390,-2065.606970
2707.818321,325.051199
-2780.361899,7139.802692
-2503.409408,4984.298623
-1977.901533,-2520.682687
1766.170787,-1600.674305
-1631.170722,-2125.248589
-494.707757,-1085.402854
2266.962778,-221.347695
-3881.239769,-3798.623649
1663.928694,-668.888478
702.527863,-1308.288600
1096.715474,-1333.985806
-1662.744775,3724.355853
1559.678491,-1755.270925
1337.537912,-2426.349433
-2471.347214,7485.305010
520.674887,3041.866608
-2914.847622,6879.031514
-1319.373198,2510.737036
1503.822571,1027.939320
-1972.753301,6794.211579
-2408.548719,-2455.043155
9.871406,4509.927530
2371.672895,451.711687
-341.977003,-1075.871484
691.172668,444.192392
183.633060,-2639.324381
1129.725314,-593.903542
414.469897,1094.449729
-1725.086001,6673.032528
-1234.275830,6415.455946
826.121935,869.124406
-3442.928239,4399.017882
-1023.112244,-123.312169
1693.979399,-278.519224
785.654791,-1985.982173
-3746.981952,-2517.679824
2649.881160,283.752539
-2864.512939,-2018.586788
-2682.848946,-326.565181
782.835879,2299.258288
-1012.797212,-2893.781871
-3409.233332,2577.738583
254.160664,3155.739307
1064.511324,-985.356731
-1295.313961,-1333.011382
-2101.954527,-1111.911811
264.822325,-943.320601
-3062.300691,-2173.925718
148.129156,-755.640546
1437.934237,132.661143
2149.443303,-1463.152506
1623.654087,-324.370899
-2081.729390,-2359.367224
1465.247375,-1099.847504
2367.357152,-747.209030
973.917189,2007.547781
-3679.052121,-3605.323495
496.407880,-1113.102452
1805.057880,328.290942
-972.990931,325.203588
-1108.540310,-840.779325
-3480.904528,3903.577909
-866.615779,-1715.793551
-2405.832057,7103.452848
-1232.657891,-1189.794949
1495.850867,-1249.187102
1952.512451,-330.281259
1858.998803,1658.186724
-2904.276461,7052.453599
-1959.524862,-2735.295139
-3040.875433,-1952.580538
1267.254619,752.694811
-1922.113619,-1527.455809
1506.240091,1428.633937
1127.785348,-885.646443
-3146.759054,-1976.414323
1586.020936,-1058.383517
-578.248687,-771.760545
-2564.018605,121.273626
-1289.131251,-2518.694702
-1946.937820,-2347.438491
1386.267957,-1395.433382
-768.257196,-1317.186451
-2184.089264,-2198.637977
1264.567138,1614.202889
1509.399588,1105.433074
-2418.518432,6735.491426
-1900.855048,6726.468969
-441.657715,-2184.905974
-772.091585,-3034.234641
-1076.313448,5923.465624
1939.874102,326.569510
1003.642307,-961.007790
1529.887973,73.033055
1332.126889,-1915.297356
-2167.070008,-2557.385266
1730.112985,343.114847
-2920.961844,-1546.092425
-2224.640905,-2058.763684
-2262.712588,6860.498154
1066.526840,1377.369348
-1486.265526,-712.048639
-15.929600,-2522.166745
-754.514702,636.620160
-1281.798047,-2751.828578
-1481.875666,7072.390639
1.032273,-598.769199
709.308947,2561.750111
1481.012242,443.977128
-1739.452941,7191.013615
-3249.988280,-1603.492678
2020.261375,1665.045093
-2562.238456,-1961.265295
-1854.541483,-517.345571
-3296.552319,-1425.948716
-3350.751981,3549.295819
-1505.656513,-673.804319
516.708550,-3044.318316
-2110.419266,-207.202815
555.024774,-258.391265
-3582.800421,4232.638013
1223.316295,183.546947
93.905637,-2329.334398
1736.105820,-389.079728
-3382.389539,-3547.349883
-646.555965,-1494.496556
2258.719127,-1449.792750
-2707.326427,6113.621956
-3403.332950,2721.619780
2249.294676,783.469510
-145.246268,-1635.830062
1232.166051,-2339.422968
2010.420478,-564.157313
1404.661515,1589.547874
2282.675982,1300.733681
1834.398256,-582.896693
1231.123830,-264.285555
2624.849903,-996.462336
-3953.833486,-3102.234663
-417.062341,-1703.801728
1839.522872,770.989178
-68.976335,-2443.493450
-1574.324193,-153.870280
-3421.784122,-1044.903838
1942.315318,-1961.595772
-2901.723617,6614.962081
688.113141,-2675.134184
-1950.695093,-1555.338430
1301.689522,-2162.304655
-679.736625,172.283578
1910.337252,-222.478637
-1100.988622,-1024.723542
691.584737,-1596.979881
-1981.303215,-1926.433189
-1964.508128,6926.175928
-2431.430167,-1522.583065
-3403.116965,4679.719846
-20.415688,-2410.387728
-527.265642,-717.182060
-1084.273134,844.684313
1657.259440,440.344777
-2942.712942,7118.798873
1943.134339,-1796.117167
-3286.151085,3970.231600
-2340.539175,-1893.851165
1404.513959,-889.257697
2001.151844,-1054.192270
696.280390,-1176.441892
1724.614984,-844.002640
-3237.661566,4560.672802
-2361.431866,7160.145871
-3309.907353,-1158.996766
1620.595257,452.767395
-2754.990282,7039.480535
886.489665,1748.477742
2649.541684,-967.177378
2133.567416,621.587878
1571.652129,-2407.805348
875.698238,-2307.598973
-1969.532176,-1625.080910
2282.511838,-646.083996
694.840546,490.755466
379.687797,1303.557996
801.333528,-1113.299527
1270.188855,17.468718
2387.792048,-67.543016
953.206469,-2810.424170
-430.940254,-890.601308
-153.345962,-1719.626917
1909.003692,-1091.432570
-1959.457470,-689.286795
2502.752024,-1471.788950
207.143901,3703.347169
-2943.788269,1621.966114
-2140.141384,2584.427099
1268.459913,62.128284
1489.161565,-1056.951748
-511.643019,5140.686295
-1709.505386,-259.582743
1860.116842,356.179498
-1946.257080,6486.003919
1703.387647,-438.740339
802.095872,784.561840
1257.073166,-390.161997
-4113.441129,-3430.692918
2040.684049,-1565.286947
1032.763466,-1366.704734
173.103200,-2292.998400
2008.532404,438.120399
1836.440939,-173.123310
-3637.969299,4478.292708
-3362.054333,4346.561561
-438.213544,-1011.613463
-3009.741259,-1489.439329
-3040.532563,6687.110709
-2905.524885,-556.098620
730.192878,-2164.424552
1260.873758,-802.681396
-2741.919910,7390.956795
1942.435599,1244.567585
1009.304363,-393.608326
-361.874398,4924.250719
-1402.776992,-3001.477888
-1587.594657,-460.819058
2059.409355,-220.663488
915.585796,-1293.192017
-3821.414721,-3473.351507
-14.829851,4150.056684
-756.469311,-332.985174
594.786378,-1604.257553
1665.678661,-1679.737591
-517.538143,4058.384176
-4213.303206,-3545.962254
-4099.312009,-3742.723447
651.179069,2621.381052
-1021.230017,6158.155750
-2760.686111,7351.561911
-1284.778427,37.247646
-1794.836870,-640.825649
-3742.067389,-3262.306704
-2312.654534,-1686.715521
2440.739869,201.878575
2740.066278,-1138.455756
-2260.536965,-2275.505825
-2620.025267,-1909.637203
-237.935856,-211.391218
-1406.668025,3897.867664
-2849.385878,7208.439571
1190.178621,-940.746989
505.201472,-1574.179627
176.621335,267.903307
-535.096084,-116.922658
-2484.606148,643.940502
1929.053021,1484.805189
-3494.743943,-1035.759539
-2570.258118,-1914.287597
892.454009,933.998891
57.789254,4278.078195
700.726808,-1024.277913
-2121.858823,-1980.733481
2530.249765,-1021.899032
2484.740181,-1279.408632
-1682.160787,-2368.232286
776.619704,-614.821052
342.664846,-916.611912
-3360.417977,-1351.984323
-3190.327614,4746.341788
855.751761,-1523.128332
1041.167833,2253.737431
-2123.376782,-1862.831920
-2192.187512,-1031.151907
609.135591,-2727.609021
1095.823431,-156.491759
-1991.326203,7101.680890
-1831.498680,6944.519484
-59.574915,-2715.148268
-1880.959135,-2719.352063
1044.560087,1736.762404
346.851249,147.619683
1464.398286,-973.303152
539.543092,6.933463
-3549.990338,-3608.808660
-2703.629119,7437.168395
-3171.984562,3872.782352
1260.754077,864.393787
-2427.523181,7589.676865
1611.847837,342.807307
-847.399800,-1062.603113
-357.109505,-2767.482300
-2038.010196,7282.357738
-3983.980095,-3666.653593
-448.081801,4457.863360
-344.152378,5137.645290
2115.879054,-1404.884032
250.474958,-1869.132293
-2947.357601,6888.657752
-545.114502,-2345.607703
-893.497293,450.288223
549.344677,346.179588
336.858629,-1325.272320
-2038.237310,-2037.759844
1004.885251,175.444284
1016.850780,684.070889
954.066041,-1629.126746
236.710299,-620.770984
1457.808695,-777.726836
1578.078447,240.043248
1013.144354,-1763.046345
-4120.982236,-3166.107063
-1720.811847,-1990.080608
-453.986927,-468.513019
-200.053930,4538.845377
329.090662,-2278.677790
-136.181125,-2595.267300
-2562.312265,555.174647
-2479.713348,-1931.383290
1466.877097,-513.667046
477.423451,-576.118434
-3297.935144,3346.005146
1334.460160,-393.293459
-1770.835089,-979.205417
1057.318212,-1941.199467
901.023050,-1750.735715
451.692667,768.559956
-2420.726905,-3027.325097
152.329276,4081.205980
949.345781,-646.195398
829.591694,-191.368867
2378.673075,976.166122
1757.263018,1079.412959
-1550.960196,-3081.451138
-2791.873813,-2538.960404
-2920.878491,7015.256349
1403.377570,-1973.919333
-3232.426987,-1859.382887
1630.343690,-73.363864
92.568437,1067.320310
-1076.407221,-1507.462750
-2406.834277,-2497.837124
-1342.921782,-1624.366313
180.521947,-1680.160614
1551.409890,-1411.087580
-2822.745249,-1660.037940
2136.710681,-104.099667
1144.885601,-2211.329334
2695.192086,554.620043
2440.402224,-982.124731
-1899.292984,4730.443238
2635.560438,-56.902235
657.736394,341.617107
-1865.005220,7427.241202
-3568.847805,-2773.084061
1435.291360,-2199.110443
-1359.966987,-2203.413449
538.550481,-1156.855041
462.613129,-623.308877
-1579.620895,-1771.099283
-1528.446117,-1830.766357
84.094033,1316.360140
-857.366023,-1622.842830
-3115.303064,6757.434670
1014.611159,-2092.521693
1564.184634,-211.592495
1047.587524,-1702.855607
564.960587,-1131.772472
611.088843,-2153.473048
1077.434715,2513.063409
1428.634371,-204.768896
-2626.663490,6521.672598
1194.517051,-175.944830
852.074629,-150.154994
630.225373,-1255.415786
1595.888212,617.721459
2374.236422,1018.124874
-3219.076413,-2565.445445
1650.085547,-2143.759027
-2629.509012,6200.013727
794.387439,-1268.404928
-139.483972,-1476.165645
232.820207,-1152.630092
-3564.025853,4282.667566
1309.814298,426.554122
-4026.325297,-3744.059234
1797.656215,-1235.652296
-3245.852897,-1434.335274
-1338.282939,-1872.074567
1389.792360,-196.292568
1607.566717,-1624.931136
-2632.163505,5098.378580
-2602.500846,-847.959492
-3790.679279,-3618.120237
-1165.148272,-1896.278582
2039.666434,1016.228504
-2857.108895,7256.215743
-3312.974923,4491.267049
1633.061921,-1522.689152
465.191080,-363.008580
1016.626417,2172.462162
-4052.876912,-3650.422578
1479.498170,-401.588275
1252.272228,-896.103791
1670.930102,-776.165665
786.057590,1506.259595
-3672.286430,-2030.095461
-3373.883447,2692.299130
1308.440253,1087.176001
709.319956,-1131.986142
-2964.072230,6387.194771
1516.869452,-144.003169
601.228079,-2087.503824
2700.123172,-957.440129
-1290.568742,-1782.674961
1650.687333,-2337.334865
-1657.890070,-2351.331627
1770.424405,-174.951352
-831.252276,497.349513
2387.028804,874.870126
932.088706,-367.523777
-2531.518251,7128.650298
-1485.989517,-159.183010
-182.696424,-1114.091754
-652.903368,-1329.125127
-2140.045058,-142.335186
-2341.492385,-1958.685506
1524.721789,-1423.232684
2206.495339,1110.982408
-1460.033487,-884.552082
-653.548991,-1417.981118
2210.737594,-1071.525543
-3459.705325,4333.996002
342.876502,-2152.784042
-1585.503709,-2865.675768
-1941.002613,7465.373329
-1569.341228,-2416.699788
889.554944,2453.662974
-3072.229454,6727.042970
-2611.268784,6125.154214
791.372415,-951.307852
-3595.229972,-3655.144915
-1679.792916,-328.261648
-2400.827228,-690.361900
-3085.950529,6557.606635
-2372.500275,-2001.868627
2592.292293,-1065.709196
-204.296135,-1822.547839
2315.886414,107.216625
-1911.981170,237.232954
-2091.677760,-1919.060172
-3573.394514,4415.704084
1569.513296,-1574.029693
2032.845431,-1316.736705
829.752188,-881.534386
-1937.632977,-723.129173
-1504.299448,-1130.511932
-1743.590978,-292.618982
-2744.221227,7125.286627
-1660.479307,-855.572880
-215.012809,-1009.584213
-3540.185975,-3155.703063
-1453.275211,6877.894768
-2330.740620,-2161.988720
1952.083115,1355.255745
1852.527363,506.018557
-2396.005607,-2418.443409
1883.308852,-1151.876024
-3268.385123,-1138.090837
-1446.573602,3921.076759
-326.231091,-2350.626970
577.673469,-931.428119
2336.804339,-1416.135192
823.910828,-1565.377740
-4143.407565,-3508.598216
1738.228634,833.857663
-996.947884,375.199115
-1854.323230,7203.271821
-507.174578,-162.825419
2076.546721,173.933131
295.305781,3878.081951
2046.660404,-281.839660
1188.727487,-1879.401701
-3064.113348,3703.150274
299.800975,198.471935
1756.538289,-1168.838379
-1972.038170,-463.346633
-4212.328767,-3607.577170
-5.638130,-3239.071005
1004.969334,1627.939411
291.339945,-815.759574
464.062874,-1977.423201
1146.673695,-2304.125179
-1620.774556,-1462.987721
492.905557,-942.735473
1374.192400,261.643177
-497.946095,-971.947588
1833.076121,384.041670
-1670.523936,1083.414854
-3594.234164,-3153.170547
-431.815825,-152.398224
-531.251804,5224.737248
284.378392,4056.570047
1629.569015,843.804334
2567.870535,-1438.873384
1055.898798,-1251.765200
-921.379479,-1608.777731
1982.287503,-685.737180
-1294.351245,-1177.762781
-1804.330735,6376.646233
-36.304028,-2388.287339
1436.847192,1374.865382
1279.199983,91.689218
82.926794,4186.729237
-1325.504851,-1954.292596
1182.782357,1850.091361
-1603.805652,7181.875158
1852.061312,-686.910662
-1580.791239,-2338.076632
-2115.439371,7181.262015
-2063.960561,2542.335480
-2621.252399,7420.189146
1796.192444,552.459429
-795.899845,422.479401
-2373.800257,-2086.591583
-2991.204427,6579.997964
446.779881,3849.388549
469.128421,3643.922345
818.274981,2420.643875
-1804.450596,-1923.142797
1173.703265,91.176682
2288.161563,495.913994
2030.975451,248.879251
1802.527859,-72.742308
1172.673234,2524.184214
183.208008,-1002.262422
2641.742327,-681.976729
-3149.471765,-2894.848273
152.225249,-2213.740542
-3777.385381,-3256.578138
1731.102764,-1053.177645
626.601872,-1110.099734
-2216.204834,-1193.651622
2338.231007,-771.506531
1382.484457,196.577783
1285.069977,-1532.646539
-3635.978027,-3330.665369
-4096.725148,-3528.344664
1529.674805,-1536.176085
-355.631739,-2431.451202
-572.972517,-2023.731124
-2389.603646,7582.795050
1330.260529,-1258.364455
2122.044092,-962.320588
1969.330783,-385.476450
2163.721955,857.227588
-2796.486837,7364.462694
882.960889,1098.114845
-1721.362660,-1900.698788
284.369372,510.349319
440.708997,350.135785
-1450.349316,-1331.500246
-898.349476,-1465.020498
-4231.588945,-3710.524264
-684.945995,-1092.491336
86.635913,-679.971901
1848.459956,-1248.601426
-786.837887,-1096.922723
-586.604370,-2446.128498
1747.021537,-516.530883
1006.044861,257.944602
-2237.400291,-1863.577181
-564.856348,-2203.086906
-3126.998702,6514.542383
-3080.510746,-2781.093736
-1727.040647,-1750.558599
-3343.520548,4389.902919
713.891591,836.705634
1619.543621,808.339745
-236.797561,-2760.312379
2271.441772,-1854.417941
-2675.602308,6299.397523
2114.903319,-849.255309
713.861218,-1533.068929
-1414.053148,82.094747
245.124953,-900.999404
1348.256258,-154.458843
2097.109288,-225.632006
2638.954907,-1371.923942
-876.733896,-2285.779089
-1641.681941,7186.208727
-3451.673538,4774.134886
651.050508,-514.355195
1437.021753,-2230.475732
-1710.466252,3573.166709
2262.603774,-1635.824065
2070.789529,-1243.592684
2670.424396,-83.015886
-1182.330582,6621.255880
1446.875002,516.585546
-690.628940,-1017.379118
2461.599089,-683.271262
374.688785,-952.046426
-1028.153181,-1915.177045
-3118.233511,-1719.366223
1164.989298,-636.875623
-2637.172577,7170.556239
-3411.381746,4625.022388
1895.722021,-1274.262517
-1488.158220,-2693.447718
-1866.247761,3143.788055
2738.563124,-805.850122
-2922.647294,-2039.099087
-2437.409168,7393.073721
-2536.900432,6421.479664
-1823.262854,-2169.150615
-4009.473157,-2923.962466
965.428115,1305.020762
206.220562,-2445.122300
455.314726,-832.799050
34.487627,-3014.460293
-3192.321308,3026.722100
-2120.587087,2675.715487
1025.208471,1700.693585
1375.048500,388.807311
-3057.825538,5523.929710
-113.951305,-556.699947
1959.588897,351.555220
2322.615367,-292.703056
-2203.187218,-2511.543847
1611.986596,1152.420201
2069.743738,-785.770250
-2489.365031,-2027.790471
295.797331,-2681.534516
2369.098952,810.065157
1313.378852,-646.444795
-412.708330,-960.447539
-1481.273138,-2575.439353
1653.287218,-1752.600322
-4004.254384,-2401.091707
2387.669649,219.447390
1794.001505,-1846.687857
-3352.289702,4548.976491
1717.667387,619.086114
-2036.226216,1154.019343
1195.964792,-228.468415
559.403630,-2717.478180
-1023.083074,-1118.911084
247.413576,-2270.543304
-1617.240506,-1600.870471
-1797.368286,1194.070111
789.503970,-227.548241
-2689.597285,6265.720382
-3106.927024,5302.341048
382.140922,3788.861520
-4122.184019,-3321.375969
1480.553097,-656.914907
-1842.735937,-2022.099451
-2606.775451,-1158.771087
-3908.779910,-3715.893970
-2541.718033,-1018.447026
-465.253808,-2976.514648
-187.801345,4399.001246
-51.608356,1469.646822
-2044.604457,-2515.720556
-186.938516,4808.862601
-1464.749861,6820.041827
-3857.306051,-3574.174482
1404.208202,-1186.691364
1946.239880,1549.149431
-1852.440329,6826.502278
-3615.563013,4411.765899
-1750.815783,1247.420430
-3522.980159,4439.036976
2868.819022,-96.786691
-3085.331934,-1229.263058
-1641.920576,2622.302746
-3945.961258,-2922.845487
2045.708472,-1452.861493
-3921.755257,-2532.120768
220.714859,-505.375761
-2086.266181,-2471.935779
-2186.068814,995.369378
-3164.521786,-2072.275568
-697.174630,-608.417056
-3950.993085,-3758.356758
1370.627513,695.959246
675.801988,-87.623742
-1908.008862,6525.566692
252.648988,3844.213342
2559.603557,466.126799
1483.914545,-274.165992
-1999.385297,-2198.716641
-1038.022707,-1839.184651
-2163.820859,7239.854927
359.637865,-2633.063400
1502.588216,1783.749716
-1987.267731,-588.488495
-2068.568707,-2207.664226
-1640.640967,7134.384783
91.504450,3146.306114
1946.090908,990.556889
-665.530813,-1193.607091
-2644.769297,7282.397023
673.255471,787.018409
-2825.572545,6656.524724
1139.262519,-1020.696504
-1997.661308,6982.157880
634.201480,2221.254205
-1117.885475,6187.326042
-279.876069,-2413.613769
-1891.737068,-2099.963407
327.602869,-565.106718
901.811526,-234.594367
-3705.466463,-3696.653665
453.852239,-957.711443
-838.898607,1185.542454
-1860.148895,-593.158792
704.223327,-1377.853122
507.955897,-229.288389
2121.741938,-73.407645
88.649149,-724.921788
1332.137481,159.695504
777.149321,310.449608
1988.441915,615.178280
-2452.515267,7180.690871
-241.129976,-112.417206
1130.545050,-1507.892310
1096.918936,-1995.650710
2455.171642,250.202125
841.035344,2172.000255
2309.888381,456.535759
-1590.310561,7307.881183
-1548.056777,3790.786699
-204.831638,4130.790952
1389.629066,847.864308
-1177.789505,-1997.296472
-4013.537203,-3089.696985
-3066.506166,4829.334507
2100.018089,-1848.473291
-1145.438285,-1782.465096
346.757648,-707.841056
2776.272735,-417.813429
-2808.595760,6839.728756
-2930.447944,-1055.836123
516.979156,-1275.290555
-2242.244674,5658.531548
1382.355452,-1107.199841
-2681.858997,6857.595177
646.960968,-1393.122785
-1396.430611,6981.992376
-1549.162907,7058.898068
2121.997083,-1012.875175
996.027087,1500.381336
-1263.204490,-107.704692
671.286064,-725.930122
802.832566,-2295.073270
-840.367759,313.990961
-2403.146391,7241.003536
-3369.736397,4423.121578
2042.916416,-85.422709
-1208.352384,-2070.510512
2099.499818,-352.558634
1317.460847,-1210.348521
1057.798413,-581.347104
1252.548349,-2275.213279
1881.810366,510.717800
-2263.304624,2181.795676
1022.339003,2586.936196
1108.449587,1927.144473
-1677.018442,-1957.552574
-2406.082229,7071.802205
-1339.010338,6717.962988
-264.785565,-1848.118181
-3169.390101,-1479.574869
27.565649,-2479.871979
-1893.335452,-2003.111578
1711.209586,-1457.089503
284.201111,-2336.380240
975.992144,-214.126767
1018.600807,-2667.841977
565.121680,-1268.529930
1081.381160,1058.970671
-1913.731475,-2628.410335
-1353.707915,3510.089907
-1933.232170,7063.892152
-3484.370822,-1239.422179
-3116.252462,4549.974284
1445.091709,-1072.288244
-1496.023526,6980.524020
-2389.665484,702.201077
1179.591155,-1037.303089
125.789867,-848.800799
350.279496,33.687744
87.024327,-1556.635307
740.415390,1437.977849
-1758.052803,1958.400106
-1913.597274,1298.302325
1757.630869,-1241.036008
-1352.577119,-2375.234541
189.102214,-2889.574220
2089.576078,463.731396
-2040.761446,7471.788246
2436.691455,-349.198305
1383.291279,950.022667
-1840.533780,-2592.613505
1533.647684,572.919983
1006.556351,-2138.610053
571.402859,-224.401730
-2355.550448,7106.553708
1399.194926,-1070.824723
413.088449,3511.841359
-2295.305675,-1819.250122
-3224.972405,4613.677520
-3695.769383,-3542.022201
-2802.133535,7104.809094
-221.565140,-639.441889
-3417.243067,3963.971933
225.135177,-27.206651
2225.794096,-1150.518594
2238.185630,181.499671
1522.366239,-76.524808
882.110379,2720.447896
1996.044801,-2116.628287
-2865.699759,-1678.108486
10.833052,-2004.245019
-3388.556255,3403.915814
1086.822741,435.762159
-2970.538094,-1688.494987
426.611577,-1033.748434
1841.474474,-80.738941
937.990046,-569.981817
1623.024476,653.743623
2312.908762,-1435.611480
-1324.070956,2679.554932
2516.478459,471.548726
2426.678273,135.024836
-2015.396907,-2656.007032
-1520.222902,-3292.524637
2642.425792,-237.040550
2509.340464,-510.472199
1487.035151,873.025254
1370.656691,-100.569424
-2028.504256,7239.939725
1447.845732,-279.973781
924.371553,309.556294
2518.924504,-840.517476
-2560.884214,6541.949354
1829.145638,-989.862453
-2667.889197,7474.547019
-3338.744214,3019.618941
-3649.632928,4251.895895
554.078962,-146.127809
1116.248916,1672.519059
626.424712,272.253532
-1795.938048,-1717.202215
693.341937,-1748.992439
1515.299878,914.200024
-750.586836,-1619.108759
725.151824,-24.449594
822.386450,2054.017314
2564.888717,101.001773
1580.336066,1089.233886
-617.484595,-2536.454549
-1985.228621,7054.481319
60.135776,192.930056
-84.243338,-745.131365
-2252.821101,-835.811714
65.258065,-619.956327
-3388.767095,4275.974078
1823.801995,436.094933
2431.303229,-1119.927608
-2607.490755,6999.821239
-2609.377186,-284.886653
1327.180377,-2039.451874
-145.181869,-1558.355969
-2864.191948,6550.017909
457.597829,1186.176710
414.581003,-2594.562558
-222.702044,-2507.650466
-1243.149816,-1663.499735
2328.834393,-196.110025
1714.333830,-1393.872404
728.432329,-1341.160767
172.208659,-706.892616
3.203993,1078.938157
613.468891,1366.068859
-2760.392731,6269.522624
-2536.416498,-1491.018466
927.911735,6.820056
-2837.850479,-1841.748735
-1352.921991,-906.241043
-200.195031,-830.866748
-2956.308272,-2284.647697
2500.154002,-601.531021
-1136.535260,-2481.754767
1739.181914,-191.930067
1026.778256,2112.361479
-3836.854872,-3610.045102
508.078729,3378.036801
-1048.860576,-1711.629963
633.059516,-2845.636821
981.551042,-1039.525732
511.956573,3731.823866
-433.553510,-329.970805
-1147.152060,6048.872662
-449.765900,-1711.069420
2244.265192,-373.949160
-2564.301141,-2313.959049
1918.345771,869.311717
-4029.618803,-3574.517355
-2977.610727,6761.583179
1242.123678,-945.800145
1632.007187,-1593.825548
-1877.632545,6858.459228
-1530.630498,3902.196337
-3036.986821,-2388.488521
-1466.049219,-556.511826
-2533.575600,4866.089742
-323.286787,-1762.720044
-2482.645984,7293.715479
1073.548599,-666.962728
-3010.843857,-3134.530635
-2545.038734,-2228.866964
-888.621678,-2533.778851
2535.935318,170.346490
1120.934660,-1621.796972
1832.175485,1198.641151
2509.683497,-1354.153416
-3785.230076,-2520.384623
-1868.641564,-2342.945333
888.035129,-44.368266
-1809.780424,-1300.767723
1226.508537,1808.349920
-4086.833456,-3477.983339
-247.107804,-1185.285431
1865.439027,-648.781779
-110.212541,-3132.597395
-1244.247423,-923.511011
1508.466084,-794.395123
-2914.623960,6757.061541
-3832.229288,-2533.031017
733.102711,-879.848783
-1811.058324,7546.940812
-1567.968819,6803.016694
1609.743700,-714.142405
-1992.891895,-1693.366413
1291.111431,-102.245752
299.519614,-1328.533229
-1498.400873,-2359.556918
1219.579576,1520.576726
588.914813,-749.301192
2649.782101,-202.268101
1280.694967,-1044.887815
-1237.286972,1600.122618
1898.924644,-769.385842
2223.760914,50.672790
-2103.949114,-1406.763429
-2765.696185,-2306.555138
2167.160136,580.996385
815.603160,-468.252094
1422.800834,931.770825
580.023533,-1358.676951
-1990.045013,-3216.008919
1868.988837,-1823.808621
-16.231456,4239.844102
-3420.185636,4769.445800
-1902.823856,-1967.199574
1981.038828,893.438177
-2382.383334,-325.534790
-1383.701452,-358.777098
1875.844383,-301.334387
-1793.533574,-1389.208385
639.452163,-92.996741
-3743.528667,-3448.028295
-4014.242066,-2983.113031
-2079.960742,2776.289871
1876.709559,-405.899991
-119.372573,4670.488236
63.874194,4336.644634
1645.330189,-939.938781
-4303.270581,-3638.201996
1303.219387,-781.384687
-2708.373995,7105.516375
355.590814,3813.778722
-39.730950,-1607.323309
-327.789620,-1581.745343
-1582.208048,-3033.609027
243.787485,-1629.300941
-997.459144,-743.586482
-1310.769693,-1820.950039
1259.921085,2343.870197
-41.640438,-2177.357349
-2711.222572,-2204.854763
442.080029,-2388.786015
-3819.997488,-2843.366083
-2203.640199,-2359.324723
-2304.825227,6930.484634
-2856.654622,6958.599820
787.434571,-1785.097245
1491.934625,-1667.240213
-1571.646309,-888.215974
-1621.026805,-1912.645550
2535.459240,-671.714038
-2166.063640,-1755.507600
1660.494282,-1644.002967
1407.714581,-1835.248630
1620.266613,143.082752
1186.908745,-437.171850
2631.194503,-538.329468
1994.527430,-1487.707932
2678.759639,198.799921
1270.602852,168.268028
2656.254421,-150.616256
18.456354,4278.242463
1262.108300,576.285676
-3290.409167,4191.482227
-1503.370938,6814.717857
1201.658899,-2540.626908
-1226.779937,-1757.775337
2170.979962,139.047603
687.840512,-1818.613647
1740.610077,579.604921
1393.596127,-2067.823455
-1427.612950,5949.918640
-2415.703773,5547.337795
-143.294060,4636.899511
-1532.453561,7146.041302
-2009.226373,7379.106005
2802.022852,-443.424789
-2445.034409,-206.141337
-2044.110086,-607.281818
1411.281093,-1918.258277
-1328.264903,-2489.538578
2217.035161,-1482.712780
1080.471508,-720.077663
-2788.504650,-974.355003
-2934.839284,-727.811822
1308.444047,1303.148438
-242.107740,5017.482086
-1490.415370,-1295.697170
246.417128,2306.248930
1651.920910,1215.955402
1245.702300,-2496.933186
-3541.145290,3962.274569
1013.091938,-1406.939704
-1417.964424,-5.846792
-740.923982,-2217.465820
-987.507566,263.353685
572.005621,528.677988
-1305.528525,-1534.562050
-2317.803657,-964.141242
867.007556,-2419.399731
-3548.742676,-1685.066896
905.506382,-23.178334
-2885.396962,6843.653135
918.962004,-1101.974869
-2317.197239,-832.302794
781.984205,-529.311943
-856.093899,661.720163
-153.788417,-1996.631076
-307.765111,-1157.420696
2133.721153,-1772.232171
-2940.315239,-2529.327075
1298.560537,1465.962787
537.204008,-921.148148
-1324.901703,-1260.612124
1709.401689,-1957.989706
776.367716,-2527.789221
-3062.615977,-1564.137080
-768.903459,-1790.031876
1280.837859,-1438.581686
-1156.148248,-1841.547711
-2052.875941,7079.890495
-4075.588843,-3362.400326
122.073034,-1887.259924
343.350163,-2395.222870
-2706.516295,4236.260887
1941.651558,-943.893469
-2776.983147,6949.024490
-2866.909202,6898.471004
749.972143,-288.975565
1557.561306,1550.061981
1330.116233,279.597425
2676.950240,-1064.591927
-616.858962,-1164.348490
1057.085831,1584.941862
1211.457600,1028.480606
1158.502898,255.185657
-256.315031,-407.147977
2731.937882,-525.451706
1651.305044,-466.314333
1218.197367,784.283734
-1149.086811,71.735385
-2619.119522,6348.330846
-1415.841742,-1889.935578
2663.056583,-409.095819
-1816.932136,-416.931407
592.090337,-449.119085
-1652.510718,-216.087028
-4026.611883,-3784.468839
-2532.967859,-494.262908
-274.225691,-1439.984513
1777.447300,788.442722
-1769.855800,6703.018083
-2575.644493,-757.050387
-2532.457768,-1627.095066
2288.559193,-866.396172
-1729.865527,7257.417696
-1725.298052,6944.257765
630.241504,-819.641996
496.315263,-2043.892440
225.585065,-1370.371266
853.012514,1737.063316
827.367289,-12.995870
49.393024,-567.520442
-1853.664564,-1952.296716
529.350506,3135.708638
-3469.764129,3645.546680
1441.406189,1729.744476
1433.979763,1495.624523
1024.702244,-758.999023
1766.049226,430.670095
2588.090991,-1251.644734
2347.078350,-1168.846195
926.237317,2122.320730
-1584.998207,1391.324040
303.005735,-2828.723884
1182.113684,245.720828
1901.688750,697.169268
-280.099379,1694.834208
-494.929332,-512.798010
-3050.642170,-1523.144182
970.954611,-938.081560
1755.631592,-933.158471
1517.707614,-437.612269
-2110.535888,6826.926693
-1427.581432,6111.069942
1990.845759,-1574.565159
-3241.306106,-940.955306
-1146.310132,-2126.825506
2355.781880,-1508.224973
-1795.109061,6804.502895
1529.579148,-1149.534111
487.447834,-527.647500
763.694388,-860.750979
-2568.718620,7432.890780
2368.481538,-456.082697
-2483.779376,-2303.921830
229.882679,3240.579943
800.520816,-1218.239788
1866.639152,-873.724861
1804.284252,-911.034033
-2016.420486,6549.456606
-1904.430141,7435.072425
1815.750302,-199.140372
-3099.226199,4942.657944
-515.289348,-665.869752
-367.814302,-2978.189431
505.652583,-2222.961274
1449.788150,-1742.736580
-2087.272298,2648.056201
2115.031899,-24.390880
-1973.452076,7633.460879
2669.903794,509.399652
-2557.256877,7098.306558
851.092534,2887.901265
1271.947052,-2556.102066
-4022.846636,-3267.976990
-2076.137882,6884.765874
-42.986206,4565.348744
-1841.917422,-2455.506684
1808.320987,-1190.153818
2211.988088,-39.563950
-3109.592568,-2854.117996
-3361.640798,-1698.224978
743.758933,-912.754014
-2265.918739,7027.130451
-3354.033754,1833.039463
957.574708,1709.538894
829.248673,-2558.735684
1848.765094,643.628111
-2957.610994,3879.859227
-2478.874536,6967.085877
-1508.072259,1268.804758
-1415.183815,-2005.880416
-1587.577931,-1495.739123
-1993.521062,7512.889201
-2554.732632,5953.960048
-2381.510522,-2658.959766
612.317842,-551.376098
-331.181005,-1813.671117
1379.810869,-1468.369153
2435.260821,1000.447595
823.852591,-389.844853
2296.455633,274.645454
535.486501,-1464.947772
-2799.960086,-2226.193089
212.188952,4149.105067
-3508.284863,-3228.963711
1339.428872,-1448.045066
-1044.712419,-845.702701
1203.149759,-2264.938958
-651.718765,5464.135936
588.621586,-525.450004
-2348.259138,7244.392346
2047.263009,-348.713354
-710.400024,-3182.103738
-1713.095635,7306.281099
355.154578,-2179.768872
611.427256,2380.133343
1922.215321,-894.214844
1141.628223,555.053222
1286.610559,-853.536250
289.498078,1500.797735
950.272366,-419.659319
-3812.096344,-2347.775804
788.909110,506.225239
1165.185337,-1968.583932
-576.111374,-1331.859838
-1243.077844,-2452.314374
2127.354717,-1987.929325
2498.177047,595.472500
-3013.397235,7014.261709
-3568.576089,-1568.080456
-218.486674,-1772.942856
-2185.185218,7142.006075
734.134455,-2350.170231
-3196.336451,-872.730919
1219.717614,-1456.966051
-2059.588490,6656.086737
2834.619039,-801.312880
465.763021,2673.805750
-2522.053164,-177.944620
2477.466062,748.725920
-2622.898017,-1210.132871
760.336350,1978.427421
105.459030,3926.762635
2025.747647,642.202316
5.796561,-1200.825784
1169.615416,-339.500213
2704.738058,-226.302630
1791.063182,-839.602895
2563.798087,-848.239760
68.151258,3335.340066
-1829.433013,7260.251973
1180.646759,-889.492699
918.246162,-95.770479
139.999458,-1627.782527
1172.507432,-70.070299
1212.891487,-2181.910960
-1792.159508,-2631.664408
-883.279040,-1505.943890
-3589.866265,4153.262748
-333.503706,811.440159
1406.542447,-1861.327850
1856.050099,-1155.700983
-208.636180,-2831.429707
525.163554,3320.434213
317.011678,-1148.743165
-2918.682266,7082.381031
-404.955040,-3067.281858
2757.716299,-359.728522
1904.333496,-1523.976987
236.258825,4031.546249
-2296.588562,7130.061382
1290.495817,-2075.990651
-2770.961467,6638.630517
-104.668014,-1383.607142
-28.337267,-2232.546661
-3455.562415,3362.740245
-1954.986398,-2426.099685
574.401566,369.420942
2476.163440,-1195.423738
516.625189,178.526286
-1231.656683,-1869.524603
-2969.120005,7015.963366
-1605.520307,-2651.469428
650.782701,1513.548691
-2003.002717,-2168.326876
2029.471500,-2248.681890
-1148.180776,859.834740
-653.907424,-1606.385630
2306.690926,-1373.074229
-4323.116866,-3531.739451
-927.314356,-2078.497611
-2687.028821,-983.049126
332.521408,-1415.256482
-2016.154427,-1378.673468
-2608.860163,7188.730033
1252.174434,-1901.782068
1935.849163,371.192460
-1707.544581,-799.323742
-250.199447,-2557.142211
2412.355955,485.559296
581.969368,-1033.693502
1390.410910,-1011.716717
421.713205,-1423.664285
-1442.783036,-1996.444052
679.367162,153.757345
1100.258067,2260.144364
257.063168,2005.078063
-733.083068,-1679.986793
1542.248206,-1798.822152
1303.411489,-2481.456226
-1999.673537,2715.858822
1787.461289,-1994.160172
-2713.482696,-1450.498011
1316.181501,929.520787
770.837653,383.018588
2299.860089,644.412771
-4114.443443,-3682.742196
-1102.468486,-2708.262496
-683.112713,-1552.214652
-1121.434626,-2396.552056
2214.559201,-1630.171499
735.351570,38.795314
-1503.035223,-885.007110
921.282382,2187.539815
701.868050,-1933.822300
1155.885289,-765.622645
-1983.551671,6900.386206
358.573536,97.008511
-3433.469846,-1282.635380
-2829.219837,6890.423981
-2112.374702,6408.346288
-2894.849897,6992.597943
690.664775,-1904.629125
-1766.490137,3044.542808
1587.686186,1023.403265
-2448.088284,7357.303385
-2091.126905,2749.899957
2478.056232,849.851533
-3320.024948,4836.055484
-908.498804,5949.428190
812.940274,-1928.160727
-2880.724663,5682.244477
1716.514677,1876.772481
1739.776864,-299.952948
-3127.397204,6000.910826
-2925.537710,-2202.657707
1034.438009,1510.670082
-2646.061923,-1808.914372
-109.227510,-2635.249955
-575.089261,-2244.151853
-816.688643,-1931.859580
761.223943,-1226.415379
961.810943,-1385.923253
895.663326,-458.227435
1265.767173,-2321.298823
1248.225284,-1681.900654
-2741.800952,-1600.174211
-2283.232265,7250.673955
-3276.458563,4566.176654
-1440.186927,-2725.269496
-4151.140886,-3552.891003
466.560873,1029.699864
2315.253366,-250.571432
-2890.096366,-968.328232
1017.067617,2072.254421
-1647.378769,-2604.347262
-2192.928641,-1673.002981
2063.386588,1434.977062
-2353.121734,-2157.485729
-1850.113482,1686.346557
-1733.611206,-1102.826195
-243.169817,4590.995727
1707.287277,-2020.433689
-2379.399616,-1851.829383
2172.275797,-1714.127161
-52.082057,-288.685041
-2209.477651,7093.887732
-2506.548551,-665.339310
1135.924484,1045.447464
-1781.395419,7287.793115
1401.798278,1868.539213
-3754.109714,-2859.715495
309.308790,-1353.869195
1456.880495,-722.297616
1678.478113,546.915885
1054.025789,1258.108315
427.977525,-1337.375683
-2343.983038,6414.840760
1921.928773,-1019.839824
-2854.014474,6993.974969
-1759.153752,-2760.163779
-3029.493416,6802.140206
-3436.753630,4447.343994
-3221.800899,5575.522859
-3376.338515,3368.885004
733.532416,-1488.053327
-1988.309496,-2253.651390
1369.647546,-243.005729
-4009.479100,-3008.470465
822.436432,1350.902035
-793.658872,5712.433712
-1786.427842,7239.796336
1362.057489,-61.321066
-2096.624120,7081.751721
2442.820520,-1679.627562
-936.417944,-2018.502675
463.168265,-2117.010527
2749.092847,98.077509
-1790.641234,3353.480009
52.576145,-3084.355701
116.509841,-135.570128
1843.151876,-925.789868
-212.488441,-400.038162
1454.931275,-1467.222275
-3765.527700,-2366.754837
2595.830994,-693.830756
-3399.979561,4550.095068
1119.823315,-701.256617
544.983073,-2260.254710
-429.993397,-361.456829
-2277.505068,-755.532345
2052.300159,95.907058
-1309.314969,1903.622738
1607.153582,-2.323333
-1109.829427,-2297.477686
570.015722,-566.931692
1142.387567,437.485168
-1725.042829,6747.196461
650.545087,-417.628612
1391.213592,-767.865012
-3010.023041,-1676.319890
-1320.443364,-639.917359
-2532.356843,-1918.991977
-3430.157675,3841.999710
-3525.377927,4311.231342
-1351.981013,-1570.797379
1535.036304,-524.033743
0.464410,764.381417
-610.095593,-1245.236662
-2703.754187,-1690.860511
-2600.348580,718.834725
-1947.103007,-2252.872741
1019.557397,-2018.436390
398.430478,-711.858455
1876.930896,-2006.543250
-693.964053,-3124.215061
1439.071408,-1890.139305
-3443.843954,4636.827213
1617.767712,-1399.850123
-758.006206,429.174146
1870.124485,-505.159269
1474.615637,1435.418648
-2071.014833,-611.531200
-773.985724,-2808.748782
-2018.685975,-901.090413
1286.571581,-2220.539626
-642.148703,-943.649470
611.678477,1400.591489
-510.322894,744.357066
1467.362018,-2451.204072
-689.109003,-2301.360542
-2045.467076,-657.783260
-2116.329083,-1726.165562
1948.516293,-1526.511433
-3538.176393,4486.314093
745.229942,-2248.403105
-3141.707185,3991.695399
-1140.794828,-121.025918
-733.469714,-373.139364
1314.515831,-1969.560495
1367.266794,-2110.874181
685.688485,3396.401262
131.204369,-1534.374168
-1993.315097,-2065.426964
1172.761136,-1156.520689
-1870.184621,6953.567781
-1737.835978,-2547.832017
2633.155412,-337.984521
187.732949,4308.968119
-1924.019117,-908.085424
2204.566919,-1223.275284
-2859.266923,7072.902787
-2820.243777,7038.723827
-3910.724379,-3685.977667
291.785429,-12.494116
-2074.078305,-1954.176925
754.012090,-567.741421
535.181974,-2183.233949
-1766.096116,7071.460991
-2748.802738,-2271.954780
96.578665,-1207.320211
837.830368,1829.130498
-1592.135638,-539.171293
-1902.308325,5574.290159
1069.974383,-1526.909827
-1556.925589,6716.947151
2295.327878,-1523.707540
987.389678,-333.171906
1543.387647,766.260823
-1876.252047,7494.456897
336.352254,-2956.675993
-1981.189447,2348.657553
-1878.351917,-543.563240
-1295.876856,-1854.668158
-38.937094,-109.495157
1921.841693,1399.354998
-1572.522395,7042.291848
112.443756,-2622.791907
2502.898367,523.711850
1693.864913,-711.788162
-1426.207969,7027.644082
2292.105700,1133.781126
1172.501636,1447.889466
-1316.774807,-822.306973
-2216.811206,7044.974605
-1302.118954,147.105634
889.973741,79.850505
261.780546,-2131.431707
2486.388269,622.642922
1618.403244,-1030.263118
-1197.191293,-2766.508470
-1404.679874,-979.829486
2636.047963,-437.106593
1489.898330,676.591362
-746.453069,6.251999
1692.640515,385.677947
965.345660,-1553.466930
-640.943251,444.710167
1439.355229,-754.732211
875.554645,-354.680140
-1645.082822,3676.880591
-1501.595287,3899.934171
909.382843,59.653765
1303.983646,-2046.211056
1115.830977,-751.603958
-3881.110324,-3468.578538
-1105.077737,1162.907692
-1749.769843,6983.812588
1148.341035,1267.151083
1485.107530,-2198.578207
162.995915,-831.365388
1040.597864,2531.151591
1424.328240,746.234921
-2929.737765,-2075.102325
-1614.478583,6932.408926
1824.697600,680.658008
27.288268,-2861.013011
1004.618787,322.702297
-1537.464899,1637.365541
1359.901116,-0.770615
1037.875258,-519.865656
1505.491341,1220.847015
-476.827826,-1812.769589
1375.776034,489.387759
1301.218165,-1624.297115
-1648.938850,5675.010314
-3424.656416,-3205.675482
1498.125603,781.326659
329.950497,-1606.189321
2355.435377,-374.296488
35.754982,-1711.718525
-3393.082907,-3133.556208
-2311.896502,7552.001563
1841.707540,-2006.199341
1499.473026,-8.567098
-1870.772433,-1498.810614
1306.683280,220.632503
516.480928,-1531.927565
1226.493011,-1347.089636
1870.762117,-1592.677809
1981.027713,-837.552504
-4343.074824,-3607.184207
-839.510212,-1666.072826
341.941684,-62.435335
509.166814,-2313.933741
120.690890,-1815.106097
70.997757,-931.544721
-2377.631210,-1942.999239
-3958.822317,-3449.398746
242.010213,-1112.261254
1243.383810,-1757.203890
-2291.106999,7065.321259
252.186994,-1992.743079
-352.367165,-2572.162598
-1997.162343,-1406.825866
-417.934712,5120.129459
-305.823969,4613.512888
-1750.790509,-457.987305
-1167.308505,-663.717651
-221.628562,4783.327134
-3073.597001,6517.348415
-1897.515517,-58.900363
782.971720,2190.750253
1616.703777,1403.552809
-2876.290033,-3086.118753
-2349.032251,-1342.230527
1792.741577,-1514.447213
1773.316007,826.884551
-4024.675962,-3622.146454
564.233719,1370.576652
-2998.078694,5857.571210
1855.775530,-1870.809328
-1709.482678,-1356.824584
-2207.183392,-1406.614844
625.079687,2438.845902
268.869925,869.679541
203.576373,-1221.641084
-3423.359488,2960.600943
-246.728331,171.205324
683.854738,-2073.534142
-1450.485973,-3050.867980
-891.536589,-1955.907844
1768.155753,-2430.595949
49.418258,3736.649711
2152.508531,-822.991079
2393.672514,-1042.130973
-3465.679886,-3298.783852
1004.757921,-530.031107
-1207.371005,6235.041873
2129.065118,1396.089216
1934.984013,590.357406
909.390791,-117.711946
-3386.390134,3509.249115
1693.838847,-1419.084154
-685.646983,-1167.467695
-3289.775727,-1963.704399
-2983.898574,6991.581518
876.542948,-1313.155137
-2559.660396,-1583.183929
514.096939,101.347365
737.813018,-2544.668494
1083.128989,-431.985338
847.826918,2571.521399
-424.050730,-1928.620737
1334.953945,-454.807553
1450.594058,238.660834
-3359.474268,-3219.158612
2599.663069,-31.996548
-3604.834360,-2409.588150
369.215425,-451.243539
144.188849,1334.040940
-377.757840,-280.417901
2048.519734,493.083528
-1414.222445,-1984.639573
822.359037,-1154.152113
-710.278825,-518.676246
-1617.578537,6901.707440
634.910044,-220.793368
-983.934808,-703.969613
927.536408,-2556.079160
1350.951990,-2497.800957
2137.652276,314.282814
-3608.339543,-3500.734513
2292.487454,-953.402450
967.442044,-868.802649
-2633.953946,6477.232361
-2236.083271,-1337.683593
1976.630183,-1703.602285
247.682016,-1307.682257
891.347506,-748.157031
1151.767177,-318.566014
-3971.202744,-3472.015081
-179.638718,-2061.472215
-1717.525214,5174.167919
2467.151320,-569.348403
-439.562807,-581.938682
2676.743219,615.380352
-1647.551261,1282.530688
200.075455,-2752.902632
851.904222,-1766.279565
1217.194958,-2125.776207
-3435.112755,2904.223040
-3586.495608,-2228.165882
-2136.231712,-2514.362702
1323.866600,846.973409
-1950.533271,6823.889183
1755.552148,-1407.546424
2134.401514,-547.573119
656.768078,130.972570
-1675.681134,953.274698
-1945.948898,7354.233244
1372.828361,-1750.951547
-1850.374779,6586.560182
-1663.367789,6871.483085
-757.882928,-2847.950053
-4266.275203,-3615.937827
-3512.858231,4249.247753
-3082.046603,6826.221796
-2081.852724,6980.546825
-2913.720260,6474.747898
2141.990060,274.742476
-968.314224,1557.370680
-1938.187950,6746.409026
956.962740,-1220.134713
-844.116793,-990.144188
1125.235420,1548.578133
-4136.169552,-3222.560489
-486.736052,-1423.427039
-1154.639710,-2251.390517
407.669735,-970.328074
-1799.868743,-1438.267126
-455.988623,-2473.295263
-3407.324519,-3467.913139
2380.631240,-704.264909
-1221.594626,-339.057002
-2520.075116,7195.685583
-2538.548601,-3365.176673
-3183.664998,-1361.845250
-2176.823611,7311.507956
-2050.098508,-2395.393250
1039.313034,1915.470119
2028.141832,684.683915
-2027.442039,6957.637712
1666.215879,-1993.766989
-2008.826173,-439.940465
-3387.895655,-1116.708079
-1067.056685,-2007.149078
1874.336966,978.851001
-1803.720394,7457.742406
2560.088146,-885.329754
2196.918885,1214.689266
323.373612,-1223.695909
1585.606150,-1686.307343
543.868803,-2378.995995
1448.690271,-1513.125000
-483.067044,-1674.246730
23.617485,-319.200181
-428.775757,-280.543047
2424.336348,898.147215
1046.898826,493.345022
378.293327,-1756.721768
-287.252020,4889.917640
-2609.051280,5684.819535
1870.759022,-1507.575252
-1353.058697,-3020.759450
-617.204082,-1082.175086
1632.122336,-1221.437839
-2617.399342,-2763.399123
2325.924240,509.354287
-1728.651357,-2072.488807
-1386.384055,4005.954219
-3235.745739,-3382.224713
558.699848,151.717531
2285.972694,-502.247070
-2867.784346,1560.674768
742.379785,-1268.480924
1051.267951,-1147.600730
-2499.138248,-1460.417803
883.647271,-870.203150
-2593.510483,-1.354733
-1436.831916,2765.673298
-3406.229322,-1891.758638
-1230.070223,330.781101
921.851884,-1939.177722
-2585.278985,7302.294979
1094.874252,-1849.444206
1628.405188,-2019.754521
-153.681423,-2665.448504
-778.264140,-2330.930615
-2659.966225,-3414.056747
-1726.000958,-697.912214
-2152.072672,7170.604062
1849.921787,-1398.391583
-2055.523658,-1573.764794
-1551.799375,3879.508738
1978.067855,61.056499
1914.714503,-982.885017
-381.359738,4913.788140
631.857666,-1518.835641
582.135044,-333.127891
2581.204995,-990.441122
-2517.547213,7043.889193
-2847.433170,-2184.275477
-3083.822672,-1975.607468
-2420.804338,7229.696693
1739.573136,-1341.526345
-1875.699455,-2247.284304
-1314.080125,1259.229624
1334.193286,-1515.906938
2353.589536,343.870488
-510.037902,-1972.141056
-2821.449713,7078.781059
-51.424315,-1825.148810
-179.746177,-326.958479
-1631.777842,-1377.751440
465.140470,574.583735
1946.112158,19.314812
976.735662,1375.824239
1565.708533,-913.935461
675.057255,-2192.862836
168.367221,-2025.687214
1780.086655,-404.155678
-3036.128399,4911.718843
836.788126,-985.967331
1433.615321,-1571.092914
-2664.639081,7297.441141
-976.781709,5829.520187
122.556781,-2435.210006
-4078.310389,-2965.138325
1261.685356,-753.708887
1496.680692,1907.319347
-1366.602444,122.569319
-1894.395069,-433.397998
465.248023,-323.052855
1211.458894,-835.239811
-674.597365,-2647.865694
-1508.363987,1450.566827
-50.916100,-637.766338
2266.096964,-1925.299436
-2449.562639,-1983.081199
-1458.039391,6722.297789
1833.433686,893.070900
-58.462698,1555.076317
1254.333421,-1791.607532
-3197.703801,3781.053491
598.812455,-632.197580
1472.714246,1606.714871
1896.104807,1608.951896
-1308.855681,-126.418973
-2380.912874,-2571.398393
-1591.349129,-1227.951302
-1982.776930,-2947.857150
530.404667,-2890.235521
-2002.281966,-1329.401410
337.581132,-176.096974
-1955.832229,-1170.199465
-1856.049812,1443.535858
-1219.736684,-2793.021662
-1758.990204,-1972.696371
-2341.542434,7325.173622
-2151.761032,-2386.702671
1260.261984,1102.763106
-2468.909255,-2345.068731
1989.585503,-2212.801179
2717.692105,-987.546320
587.412430,-18.765045
193.260039,-464.117950
2436.044489,-1165.626227
-2702.355691,-3041.808328
447.759814,-10.360065
-3504.803252,-3439.454485
1132.532480,2093.381364
2560.082804,-747.247055
1400.377690,998.666977
-931.574042,-1049.775791
-1716.003851,7077.802676
-1489.035962,-1015.176482
704.484979,-2839.062647
558.590829,61.103161
1850.084406,-1650.777922
-34.690910,-2324.020645
2396.534412,-947.276880
-415.363520,-1137.213437
-710.208001,-0.546477
973.573670,-898.655120
1722.230666,-2052.900288
1943.709664,528.443024
1778.421782,-986.764685
979.309185,-2017.514711
-2021.575994,-631.719629
-1780.501654,1883.351708
259.626609,4173.931016
1586.153682,100.934757
-848.876940,-2715.895220
-1591.944918,-2292.627800
1423.745308,-666.240219
-3459.904133,4259.195803
-2008.418908,-1581.815082
303.446309,3011.931752
-2323.346509,7002.062987
938.894637,275.880929
-1471.326260,3794.841028
1217.383282,2351.578353
-20.127710,-1087.388419
-3875.496357,-2372.811518
885.042614,-1068.374105
-1443.800838,6997.635288
-2747.527603,6212.331301
-1664.517484,-990.156609
1825.593211,-1486.951519
-391.385094,-2577.777609
-600.992424,-2781.113398
1939.026257,-153.636823
-2203.473459,7224.001759
-2072.010165,-2127.196112
-2297.053031,7524.384682
2098.425653,1298.885074
833.296283,-652.777121
1580.808531,-1091.453738
676.527900,-319.282163
2397.554240,-1456.994391
-1532.526986,-2175.690248
487.543115,-141.938209
-2692.768760,7280.358310
19.467993,-1258.992888
2439.614341,-1344.683574
-1716.662386,-1038.367325
1964.778926,-2013.226321
-2825.329990,6278.292745
-3284.640929,2698.815453
1288.331377,-239.660264
1604.292543,-1134.946221
991.798539,-1932.942425
2023.943419,1466.051640
1954.798348,654.021989
1193.296143,-821.754410
-873.105670,-1557.483930
602.684743,-1437.963447
2599.842815,155.725333
-1788.763978,-2106.757156
1164.793401,-920.334443
-788.252993,-1664.122829
1737.531549,251.729082
-1779.202126,1263.269676
-1957.872184,-2472.024850
-1669.015117,-2484.245123
910.456274,546.488396
-412.014772,-1580.507237
1685.325024,-867.116190
1637.336211,223.971017
64.424004,-502.300829
448.286092,-1588.838437
1017.873483,1107.727659
2174.376275,-1036.246810
-1322.329047,-2198.509556
-3503.850599,-1168.200681
-204.991301,4868.921136
-2992.556747,4565.370349
1437.536939,-135.391221
457.302235,-1749.685905
-3129.590054,5051.471835
2371.514168,401.822440
-2149.936894,7580.740794
2544.105056,-710.741186
-3066.405081,6856.113277
1290.270443,2084.369224
-3126.028853,6849.689989
1500.727234,1516.279510
253.113493,-765.035893
1712.891425,783.734780
-1800.310834,-998.570158
-1420.981075,-2335.871631
320.466690,-2892.362070
-1837.354424,7041.913985
-2187.812583,7166.478483
859.429147,-1199.313605
-3619.398543,-3266.773925
-3880.525859,-2480.340608
1230.058691,1331.412853
462.723979,173.092901
653.142895,63.940715
1970.251919,-1612.346448
-688.059812,396.719301
-1476.301046,-2408.335506
-2095.853658,-2501.613881
2297.600105,-1804.510036
2381.454295,361.347108
2545.655308,-1398.070275
-597.982906,-1664.280817
-2957.304420,6969.589698
1170.267041,997.147952
1050.765229,-1214.951868
-1142.890197,-917.177953
1534.023324,-2172.541571
-976.663505,-1287.387796
-504.839376,-2663.642374
2478.764522,406.287661
1400.616164,-1440.441420
1939.378210,-411.658239
1915.504606,-569.714412
36.190556,-3054.373222
-1646.935180,-1780.014034
1076.147676,364.169384
574.155743,-2607.336512
1816.917647,-616.615048
1421.496682,847.585042
-2367.548483,-1971.352730
-521.667470,-2903.019462
-2912.534432,6057.971910
-1377.715288,6700.326321
-2139.600358,-1137.016313
-3507.333286,-1632.176153
-1889.313093,5523.422079
780.673840,-712.857106
1472.666868,566.261227
226.188221,2138.184516
2311.506805,-1015.595555
615.282460,-1072.810704
1425.848165,-1636.475719
-120.197660,4582.668834
-2689.695693,6357.092868
1549.391522,-2120.477130
-1511.018259,2307.045468
-2377.836364,5542.746083
802.636660,-1426.848261
119.087611,-486.441969
-3762.251295,-2184.975815
-2379.996649,-3076.744726
496.556016,-2382.164807
-395.504178,-849.045555
-1201.337401,10.998577
-1516.241462,780.357824
2247.052419,-1213.956180
-2529.003390,236.318734
-2385.735107,-3310.613697
-3254.290434,4228.288632
2664.919970,-562.026889
2247.241972,-64.681597
565.648108,-2095.876878
-3116.597157,-3078.937811
-2288.531177,5711.501426
-19.917233,-684.320076
2693.111829,93.948256
-1247.103344,4.063073
-2321.878652,7229.717370
179.443743,-168.935325
2596.853821,-619.362473
-3572.687089,4642.414257
1013.304726,-1015.704928
2632.354394,-793.061381
456.533160,-871.801171
1102.010335,-2628.924197
-2267.085587,-2199.845487
283.564599,3648.875629
-745.102295,-1453.330513
2240.781533,-845.918173
-191.057728,-2239.562283
-1954.107042,7287.522864
-3276.562599,3529.588545
1187.115361,301.935422
-774.188010,286.025465
2259.660948,-564.635190
720.989526,-694.364434
1787.737661,-1106.989855
-2701.223865,-56.901223
-3829.698325,-3668.250140
2059.147959,-714.458296
-2482.337753,7559.145481
923.981000,2609.129561
-739.842319,-1822.504208
-817.810714,-2155.527416
-905.596725,1032.011670
-2177.565068,-406.753454
-3337.257959,-1817.902368
-1709.024470,-1947.988780
810.053206,-58.988893
-2599.702664,-687.217735
158.606397,2854.856394
1251.649440,-721.112316
2687.083226,-125.977808
847.544014,-2318.145454
-1761.012001,-2307.013429
-3245.439042,4350.919511
-1423.513916,-1842.505743
860.459179,172.393206
-1569.966007,-1414.221391
2165.469081,1166.205980
1501.614536,-1859.620056
-2086.518972,-1855.269284
-3370.739681,-2952.003592
1383.393588,-2328.264121
-280.525178,2632.015196
482.843353,-1331.476038
2475.752577,-1060.714917
995.639434,-2204.066919
-2203.724108,-1716.757054
-3106.319147,6614.474806
1136.297910,-2643.407856
-2235.728968,7135.950032
2413.160172,449.117113
1623.533958,-878.791196
-1134.686178,-1488.130464
-2722.140131,6271.004624
1675.740363,-1149.855477
1414.495145,1961.782553
-2031.131112,7052.159143
-2501.723347,6284.901073
-3253.493108,-1951.981557
1826.252637,-341.689390
1407.735882,-314.751912
-3324.141624,4603.965371
2472.853108,-1241.930758
-3519.275702,-620.881872
-2666.465029,6553.787852
348.982888,-1026.908969
1385.862025,35.949458
-2146.102380,-561.139962
703.057694,-216.334293
1042.047154,-2039.725833
-210.189528,16.612011
-1986.881009,-1598.339096
-2035.872685,4427.378298
-1118.895464,1553.078283
-2326.565134,7036.121045
1796.649920,962.757839
-1273.245180,-754.804654
2333.357906,-405.006183
-176.505688,1035.167706
1469.688375,-2351.038053
-344.012679,-2533.887004
2184.320393,50.571432
-2202.171353,-2684.000145
782.546654,2386.087029
1187.917460,-1596.415628
-3373.889625,3081.213797
2473.849981,363.897678
-1116.732128,767.563837
-2717.346165,6369.768575
-3091.335103,-1402.089330
1643.618486,-1432.077086
-1709.811176,-523.874582
-1429.433617,-1759.278907
-3443.373883,3637.333823
-1245.133495,6483.686181
201.200885,-1478.282901
1532.124865,-2003.116097
657.679278,-1689.272596
-3819.870624,-3546.341895
684.960245,-563.757005
-1372.112425,35.764026
-2246.992670,-1434.325843
-2475.525734,7002.998422
-2746.500134,-1954.991376
-2689.057683,6763.772205
-1953.575139,7528.628929
967.577899,570.127578
2517.115380,-238.805327
-646.766015,-3134.027684
743.415201,-829.563672
-1331.957834,-1297.090269
1356.526466,-184.135888
842.160759,-1353.595862
957.014264,-1468.936311
720.531812,3063.598698
-487.769225,-2391.494201
2423.710153,703.900067
1967.777319,-1093.333478
-517.368383,-2538.302691
-2446.809385,-881.092655
-1880.533022,7542.988123
1543.350491,-1307.054293
590.312278,-1870.965336
2201.730231,192.798007
-1455.184482,3963.933752
1960.722392,-619.646828
-575.160340,609.081528
-4140.947030,-3779.975152
-54.183168,-792.310919
-1560.608877,-744.577938
1111.271750,-2079.533088
38.436230,-2642.528930
-2271.590878,7197.438456
696.733600,1755.579511
-155.768140,-1898.086934
-3001.424650,-1948.432754
-2314.949028,7472.366894
722.383847,230.975082
-1937.266460,6580.383023
1540.229230,270.147557
366.082679,-559.954043
-1177.473893,-2027.676979
680.783774,673.772073
-3108.432251,6569.279257
2465.154256,-1410.989277
-1063.134313,39.000890
-1566.405716,2670.782751
-1397.357894,-2308.674404
2595.927097,-207.014425
-342.080121,300.900210
983.825289,120.539164
2687.994894,-704.232367
-2000.820155,-978.287173
961.468222,-2116.024051
-574.936748,-2918.143487
-1292.490042,-1116.431655
1766.519669,155.401436
-1622.346052,1213.559063
-1531.777830,5335.703482
2086.354978,-106.766880
2132.724611,-1550.894036
-899.576631,5905.497871
-1792.535163,-2681.748771
1859.680146,-51.158355
-1351.622940,6810.396444
-3361.453145,-2153.962458
-3317.517375,-3351.955802
1662.726522,-376.716979
1414.707423,40.038423
-2122.905467,7042.171490
-2920.274390,6975.759666
1342.110542,-1718.194939
-3135.337522,3061.951727
-1672.329786,-379.989315
1704.533822,-1217.730191
-1338.455981,-1511.158741
1643.773365,388.194278
2165.792910,-1839.424763
1593.155917,65.431765
-2901.665137,-1841.155629
1050.519373,2449.411382
2511.759116,-1097.292145
-4311.948803,-3594.346128
-1449.626746,-1701.330680
-2828.267217,7126.660958
100.176732,-453.361205
962.370698,-2613.464547
-387.034358,4993.356376
-3444.147943,-1841.385891
-1.348153,-202.209364
1608.242779,-115.343579
1568.437050,-1898.445801
1497.721935,1600.227877
505.135040,-663.767930
2406.604747,-459.034811
1909.393083,-1042.456912
2538.419587,698.018146
1187.708929,1697.470593
1087.794095,-597.200144
-2173.618781,-1685.513954
322.896387,-609.885248
-1873.386163,5642.923017
-2144.512974,-2237.170255
-595.410416,356.727717
-2271.771129,7381.092004
2212.447318,888.890746
-1764.710697,-731.410545
-3395.950694,4803.517511
-775.725435,-1033.156142
-837.086829,3209.226793
2151.896566,1301.803561
398.372137,3544.258676
1077.276183,517.349703
537.037385,-2465.259681
1042.856594,-317.888345
1391.362026,-703.444430
1663.497980,1009.419518
176.735913,-3054.683538
-1825.720013,6708.563792
867.423401,1537.988648
-2687.987049,7218.832393
-1578.244746,6880.668046
2219.631618,-1337.251029
498.158917,-24.640159
259.554010,-529.171983
-168.501412,-874.425547
306.416247,-2626.932005
2021.629882,-1728.808066
-3340.632434,3312.709542
-3713.181794,-3489.427691
1076.205808,-467.329330
1590.782795,-1268.723758
1438.449857,-849.122084
857.888862,-1098.180318
-3220.661238,-2432.055940
1028.217117,-1900.758501
2266.553666,1188.445713
1700.183654,-477.961131
35.314066,4484.289429
-1500.405563,6249.988126
-147.318955,-578.133539
-1937.143766,7312.432315
2473.279439,159.274133
-1851.602312,7337.028474
-2886.524852,6159.413018
-1822.293006,-2325.995847
-2895.253297,495.045808
1716.942449,-1546.032021
-4101.239717,-3068.606451
-396.288343,-73.987704
-877.693423,-1287.045428
-2155.459510,7145.147437
-2764.535526,-1992.258454
127.189890,-647.207783
-2721.077658,7320.391775
989.060857,1862.681998
2126.778104,-1080.756635
2416.013179,331.405454
961.087872,-1286.736666
676.695895,3207.422857
133.822678,-584.073545
636.663550,570.756322
-1964.786738,7569.155586
1175.398880,1409.700180
1777.045620,911.200779
1244.079756,610.696229
-3333.194994,-2710.155468
-1172.103785,-1749.327837
2185.360213,-1309.812829
-3064.259708,-1731.877310
-4.752618,-421.388560
289.130050,-1105.724775
2081.791404,684.242645
238.981486,586.005567
-1082.220037,-2180.065379
2366.406936,578.894971
-1337.151865,62.673161
1138.690287,-159.670926
1838.514607,193.938460
-3270.848215,-1215.474924
683.962690,-1059.714025
-112.695227,-3039.930815
2322.685869,965.351509
-3463.442779,4462.234138
2585.968277,6.633033
-1510.754751,3920.756431
2390.737455,-1246.590983
1670.057107,-2121.099455
-229.851232,-2096.838325
-664.793893,4887.189625
405.778408,-2321.298770
2010.568888,1491.416128
418.782263,-235.077716
-144.516843,-2074.569676
-2720.997898,7202.795729
781.245644,2874.198779
-2627.171287,-3210.853397
92.083202,101.454881
-1867.090005,3231.329171
-3573.370986,4329.947024
2174.228151,740.211077
-302.259801,221.255807
-2014.627044,7011.083143
1764.557207,1187.856379
-1661.086476,-1665.803205
-830.660361,-1144.070061
-3013.891196,6904.596158
-4011.291888,-3520.782306
2351.711204,-1625.992264
902.293378,-901.108518
1058.049840,1683.507937
-1659.389908,5057.646846
-3008.879856,6142.752591
-2282.768004,-146.745237
1526.915192,347.038357
-1485.727564,7044.718155
-3768.680473,-3658.266883
-2129.727070,7455.586598
-1096.301748,-1180.408358
2025.882510,-813.844021
1280.184529,-727.128782
976.560473,-739.192601
-2347.161762,-2277.775570
945.048089,687.125169
-1280.277042,-1282.158364
-1792.545490,-2485.620985
1101.115591,-294.610188
526.120552,298.963266
-1322.662821,39.586191
873.989453,-2201.084791
1744.794136,1030.906631
-657.930653,-57.103895
1344.720323,1537.137416
-3216.670980,-1461.884426
-1399.689640,-23.079026
-1932.651620,6958.274665
2613.309109,-914.166930
1482.139222,-2043.742102
1.320355,-1527.621918
215.219136,-922.353810
817.481310,228.072335
2314.617624,-169.066790
916.139737,-973.284430
209.335038,3823.899134
-737.605040,-450.496847
1343.791124,79.100943
1653.755494,-1303.777627
-300.403425,-1254.166279
161.248753,-1517.294914
17.144014,-1849.597315
1839.607178,157.720441
1175.390760,-1631.965436
976.519854,356.536568
579.760888,-2775.131183
-2514.957330,-2358.516846
1544.845232,-1663.763100
-0.366156,-499.837661
2096.995378,-1478.066571
-887.964801,-584.469759
-2675.608678,7347.013793
1478.219354,-933.417384
607.160598,-180.631838
1570.475820,-1207.189177
1556.705229,-670.473121
858.899457,690.853152
1742.292760,63.693616
840.787695,-1676.608733
-1908.058578,-1785.697025
-1789.568360,3294.934649
2279.362501,561.356870
-659.996686,-773.953495
-3356.427993,4639.520750
1306.621742,979.731937
1827.054785,-1785.733323
2390.213706,-1189.551079
329.355284,3721.433602
2210.677115,581.943890
-2287.869331,6141.640740
-3470.923242,-1152.749321
1483.271901,1087.683213
-1382.522395,-3119.137927
320.855998,-1937.073045
2299.607065,-1280.523178
703.162386,1447.025548
1331.461206,-234.307013
-862.267641,-911.251275
919.055496,-1515.162987
1169.616949,177.206913
-1707.334273,1408.206831
-40.596858,4512.514408
670.963409,-2332.617257
-15.390789,-1689.970316
1486.552645,-1506.783751
249.461429,3895.622585
2181.068618,-1538.832034
1461.256598,-1579.325357
766.533070,44.860036
-1894.051266,5792.017915
2029.057396,173.499516
1760.554306,-802.813080
1345.217593,1591.134671
-1217.115238,-1572.691383
-910.138850,326.611276
-1081.241308,-1297.299208
67.098028,-796.798285
-3539.318556,4164.132438
-2018.478094,-730.828250
905.540051,-1036.575901
-995.641543,-1254.294792
-2335.117704,7177.921906
-1066.230808,6137.137159
252.558696,3767.530654
-1427.439062,-1688.505147
817.770471,-753.513563
630.177757,-1678.441054
86.709459,-974.199117
1365.114247,-1838.801632
1813.801341,-450.693703
1614.423561,-931.266037
-1597.647658,-1851.749243
1342.215240,1164.326071
1646.330528,1790.577488
-764.317678,-1544.127017
1938.184504,-1378.249469
2371.212320,-1571.665426
1360.313707,-1290.786227
1173.443770,52.287289
1051.304067,97.745191
127.141905,-3159.869787
2066.686546,-531.057097
1797.898343,864.041800
464.449810,3429.384489
794.549350,3138.165290
954.914676,-705.112523
-353.029936,5044.724339
-4086.084407,-3618.912404
-2317.120588,-2035.974866
-139.548589,-2770.730894
1736.082782,-734.989998
-2298.892463,-1094.097634
-3406.645890,4734.114870
-652.509121,-1792.314485
-2381.457864,-2689.148122
-2612.904730,7357.033378
-1191.529479,-1795.739323
-3329.441477,4916.123554
1489.093618,-343.857718
1332.048956,-1145.528949
860.493329,1.136425
-1943.769178,-445.498359
1273.631194,2136.132450
617.693610,-52.595902
1615.482561,-221.235531
1378.725830,-434.107010
-1390.556429,6884.324260
-1542.644797,7207.756589
533.504908,-1021.903520
1164.218713,-1215.532133
-2411.168349,-1820.538935
2240.591892,-1672.377005
2193.620150,-1762.940380
-205.910408,-1249.655580
2390.266849,-504.105733
-859.619257,-450.228262
1044.849476,2647.640812
-2451.043967,7432.136374
-2795.619798,7234.131049
-3382.659221,3989.543670
-2454.464838,2678.245484
-517.758615,-3121.839432
902.787563,113.004925
2451.801216,-1512.394845
46.503193,-1077.068503
-3186.304372,-1806.825049
1763.132658,-1042.972905
2036.314301,-1429.259826
-3697.317595,-2448.527112
1978.531417,399.031163
2551.339053,401.296416
-1344.363209,-2961.455199
143.122953,-1370.117770
1634.286054,-688.417241
1751.320487,1382.004066
-1479.399098,-31.601223
1880.393528,-1060.411861
1235.037143,40.721945
1457.789312,-113.552512
1285.551757,627.831847
50.286770,-745.015374
-1668.652651,-770.688097
-2788.512164,-1578.993411
1015.223393,-203.637876
1927.712401,125.716856
2221.298401,-1550.980756
-2252.188137,-1654.985578
160.237620,-1075.253426
-3002.049753,6866.484960
-3167.075654,3424.625065
-3110.081232,-1764.388372
1489.794341,-1917.228280
1532.105643,-649.083231
1172.436067,2200.463085
2670.468518,-621.181689
-768.991231,-1126.235340
1351.171269,1830.523508
2200.797685,-1875.493726
-2866.312560,4820.323556
427.402314,-1243.831079
928.923524,-1891.588877
1353.096291,-548.356951
1125.577697,-406.296307
1888.349484,1503.283249
-1870.477854,7081.203912
-978.947860,-2974.618826
-1684.638788,-1384.587884
1214.552134,-2036.490382
411.425937,-2495.445444
-1737.160193,-1809.859194
2392.356892,-1151.946225
130.989486,4368.428054
-2936.281643,7190.799045
1845.079476,1013.090464
1163.974483,1217.380999
-3031.894640,-3401.680662
-2027.127148,6824.216921
-1348.598147,-1052.786929
-1399.082444,6584.203859
1702.683094,-1494.608283
-3451.969500,2077.617990
1628.956600,-581.063101
71.045764,-1150.265757
-2242.636291,6909.723257
877.271132,-1575.416269
1189.456142,-2236.512421
-129.790420,-79.374724
-256.527609,-1731.986818
2174.720392,-62.490615
1170.400271,-1735.786614
-1802.640825,-1516.995938
2191.574878,-698.442155
588.928408,236.383874
686.779789,-447.004498
339.660922,-843.259779
-279.660669,-2611.309107
1214.763056,-21.159026
1664.527535,-131.191633
1035.014998,-1520.761045
-883.841175,-1853.631144
1275.137352,-152.809320
1105.862460,-97.706786
-3170.258472,-2547.595437
1305.184984,-1815.227263
-2249.520070,6381.996042
826.913420,-824.839632
-1008.643741,-2989.143367
1798.333097,-1317.503494
-2174.951202,6968.235166
2737.750600,237.711656
-731.785726,-126.501264
602.745512,-1950.203615
391.544582,310.204659
-2482.957097,7186.610476
1640.655803,-306.820462
1784.629798,-642.649934
-1338.683687,-57.108379
-2864.493951,6696.267277
1112.422552,250.276724
-2578.392135,7357.426662
1111.609711,284.411162
-3288.326937,4726.919770
-2221.111196,7177.120411
-2527.603925,7436.663378
2092.435401,516.427253
-1589.059827,1438.886892
-1672.684720,7368.428172
-2188.159705,6742.879500
-3048.620756,-948.467175
358.768290,-513.278065
1134.255674,866.236610
-1308.749502,-1050.719454
-1826.639437,7166.935816
1505.977007,1859.033932
-1951.350935,-2665.340672
1034.220522,-2493.462917
2118.592341,-707.993569
-3398.571777,2865.621840
1371.793655,-1570.297943
-1373.341620,-1432.221982
1984.326871,-1030.974112
1782.579698,703.379812
-2760.365947,-1903.340785
-1459.247391,-1568.582625
1821.296244,-1576.838191
-2314.309480,7108.477158
-2470.616061,-2614.669478
-2901.935621,7111.262029
918.190137,-1456.414329
-2494.844378,-2424.072908
-935.648985,1178.840568
1494.273658,735.473334
1250.516568,-235.746407
1669.945425,-2278.010561
2327.435717,-890.925822
972.282267,301.240619
971.028539,-1816.893023
2093.440199,-1693.752804
-2982.773256,-2053.170899
-2115.017480,-689.971554
-164.541681,4743.440286
-1505.703699,-514.549668
1478.145066,-1153.728979
-2122.582116,6543.559800
1303.306513,-192.949137
1658.395016,613.618781
-3129.598090,-2259.770504
46.809710,-1457.043449
1812.925549,46.302145
1662.409972,-248.812864
1809.030043,-508.943037
603.418146,-981.981606
2146.742245,-1589.693420
-1566.835921,7088.928310
-3047.234947,6925.972039
2052.491661,553.570391
679.369820,74.932929
233.352833,-3154.195857
1632.462592,1252.792510
-2396.238123,-1667.478981
-792.178831,-2298.135798
-2698.309780,-2127.910924
-3512.617123,-1327.899808
-1102.665673,-1943.475152
292.461985,3959.017538
2298.126686,-1203.476016
-394.639720,-529.070750
2730.315968,-400.252304
2051.871377,-1505.239418
-1929.643502,-423.511430
-1018.182885,513.956859
641.154268,-358.154895
1546.528594,-2364.360434
1.251268,1538.549358
-3557.717932,4357.312889
1935.108356,-696.540377
1622.196749,-1071.965210
308.045905,-208.107943
1136.592202,193.267289
-3109.038624,-1441.058580
-3066.940684,-1596.211073
793.155551,-297.048152
-2107.698186,-2627.133510
1187.207160,-710.425063
2430.420295,-1435.114098
2472.638074,-77.159669
389.574641,1206.222291
-1843.962817,6883.099430
-2187.047140,2502.813716
-2577.858906,7226.687526
-1036.113083,-927.550184
-1813.553290,7291.797198
-2150.411668,-769.922824
1625.218491,-518.859082
1075.933702,152.392851
2201.139592,989.898585
227.620681,-1554.574057
-3098.566726,-2096.978156
-855.809393,-672.878209
-3038.698947,6729.975236
145.836701,4235.222123
1184.487650,-1804.929872
-2700.305928,-2914.310411
1204.363920,-970.683654
878.050944,-570.396406
1880.596836,588.797843
1567.360368,-452.773107
96.678762,-3177.110472
1886.199128,-959.149261
-460.822111,-1365.241443
-398.710972,592.646153
-3504.409339,4468.478750
-4139.250148,-3370.082144
1531.782666,-229.115001
-1489.985014,-1376.265315
-87.891249,4677.491866
284.769879,-2273.990854
2364.370922,-1219.737060
2541.387645,-1308.691572
1621.565465,1303.159277
1482.558489,-1717.735177
-3337.085490,-1997.574840
-3918.395612,-3007.002209
-3907.807799,-3796.140783
1559.020083,472.238481
-3448.793417,-1407.341865
-1034.792555,-634.422562
1097.882920,-2148.579715
-3173.415197,4075.653832
-2300.795767,7413.423380
1649.451846,-1090.369615
-1546.973367,773.362490
1297.668264,244.399942
-3990.109285,-3618.412385
-1653.151053,-3092.638839
2024.051098,-136.438000
2147.334066,360.837422
1633.529803,-2228.956944
777.154594,-349.915736
-3415.788048,4474.758951
-2580.266557,-3402.022790
2584.463479,-453.967707
-1627.184676,-2847.148382
1948.300867,283.142580
-2645.860997,-1865.286251
-1220.117693,-2498.008375
1807.401466,1714.896101
923.063684,-688.039296
255.419238,4073.442032
-889.875070,-3185.884575
-3464.725425,4544.007762
-3165.363376,-2756.384670
1601.932597,541.780076
194.404725,-1358.083950
-2583.449394,7269.846824
-3640.110320,4517.236331
-1535.633210,6932.861638
621.894653,-311.873111
1608.702419,1058.304858
1563.300469,-802.558608
2112.688806,745.966743
2063.994940,-1405.877982
-1199.761638,-1842.671362
67.904614,-2471.675270
-475.058866,852.377408
994.357596,-800.597299
-1906.885182,-817.967494
1305.816786,2452.414508
1167.433856,-591.273376
-2209.527897,7274.667612
1433.514538,-33.041865
-2085.718723,2805.454852
-3550.960582,-1936.081554
520.455159,-805.587724
2275.141216,681.356961
-1750.855763,-2133.382605
916.946402,-1183.944889
1471.001204,-1843.541025
1350.919867,-960.997110
-722.869836,-2013.295181
-2912.121094,6806.630365
-1581.834214,3843.730305
-1029.773094,6191.800467
1127.504406,-532.916660
-2194.892808,-2617.468669
175.933539,-1752.956613
-820.294356,-1571.343093
-828.453884,-700.824157
-515.131631,5188.030229
-834.946219,-1771.618863
432.585670,-2929.732454
1878.425144,-346.729383
-1822.310030,3252.557747
-716.734589,-2823.898818
-2831.255472,-1133.399730
-993.330365,-1505.547891
-3081.879276,-2351.075007
-3479.316621,3827.503422
-2771.224126,7176.629061
-3602.225705,4484.602451
-3664.274770,-3465.015345
-755.808886,4466.306225
-332.883134,-1032.205516
1721.930610,144.659909
933.691046,2439.730845
1117.769707,-1385.864387
-1729.281831,6794.398065
1774.163133,-252.338747
-1491.275847,-1593.383793
-1481.994819,6387.741437
-3322.989044,5202.539616
90.962437,-116.174170
2627.359802,-894.184348
741.054985,-2060.676732
-1501.404636,7013.804807
45.892096,-692.101735
-2095.989090,7431.034111
1274.257381,-2109.031603
-192.295158,255.701513
-3695.502878,-3661.543570
2306.866493,38.017445
-2530.627350,7258.966087
665.025791,3022.823429
1339.848500,-717.226755
-1737.964955,6876.727858
2711.863744,-836.548508
-2199.331279,-2460.366120
-1637.221892,-1828.028217
-2403.832177,6112.133201
-2528.290428,7329.312861
-2049.334870,5864.516499
-422.044950,849.764831
649.287117,2837.846467
-2854.025512,5370.635697
-408.920014,-1102.208290
1152.602545,-1290.604567
611.798500,343.367554
1693.812431,-47.014500
-341.241703,-2192.644728
919.720840,1462.704765
950.402030,-791.753855
-2679.130300,7161.797492
-4276.643113,-3546.140044
1409.615532,-968.875543
1378.489022,-1639.115601
759.529397,-1425.774620
-4133.449704,-3580.368462
-3451.148187,3772.455854
-576.497013,-1611.585759
-2667.072233,-1092.518393
-867.441793,275.221246
2649.916038,-841.563572
-3310.597566,4789.663335
1689.834378,-2435.193519
-71.134503,-2816.514907
-1175.432829,-1653.169498
-1048.985957,-308.794484
294.323011,2253.741015
-1507.832538,-1717.613333
-2181.312211,-3288.636117
-3279.380000,-3491.394290
-2369.611833,7201.878631
1424.782347,-515.998845
-1362.805608,3035.746704
781.335026,-1365.896640
1261.968825,-1476.819884
1061.388452,1030.649430
-3351.372020,4450.838881
-3343.632994,-1384.863883
1951.160241,922.539650
1238.891025,-78.461664
2513.804573,-580.739783
-1039.577619,-2407.356251
1835.500564,-877.615066
1648.378662,-168.017762
2119.423937,1042.451003
1646.538281,-1031.939718
822.236310,-1603.531641
782.234475,-1338.829092
762.845657,107.659895
-2067.904911,6922.996978
969.104857,-1506.258691
325.987218,-517.143076
-1717.866932,-2510.084536
-2876.408367,7025.035953
1789.928007,1808.742918
-1359.983640,-1533.744472
2194.419348,-270.421981
1513.345402,-2562.971988
2296.870883,-1680.320473
1133.765321,1077.307892
-1887.215107,7001.443158
1351.484522,-873.575435
2022.557992,949.252565
2274.174665,-1094.965340
1206.279940,-1529.873519
1933.021700,-1410.250088
1534.289371,-1601.788574
-952.216719,-569.341905
-2216.159630,-2152.118023
1435.673115,-1035.979682
2071.108266,-1178.723603
1257.587584,-218.961248
-881.600906,-2779.795071
-4029.946325,-3233.049766
-1076.588635,-2738.820340
-2474.360727,-1892.622752
-2624.913618,7246.070013
1221.971118,679.288727
-1215.424552,-1348.564124
-176.628669,2526.526967
599.691834,-1175.416060
-1816.707410,6843.604825
1975.019088,-1425.977517
1017.849364,-1305.670317
1164.443335,-183.079435
-997.026640,588.568842
796.952004,-1677.213865
2062.347685,-1718.495919
504.936779,-1439.839938
-2377.721890,7295.338162
-2802.189847,-1969.053412
-2095.474040,2683.816025
656.488694,-2981.527580
2334.315836,-576.289165
1984.355534,-754.286913
823.578990,163.047903
-615.863566,-2055.956940
867.521697,-1453.525145
-2142.417416,6915.659957
1788.361791,-470.642080
-3384.485779,-1568.413121
1011.458807,-361.861232
-3902.206017,-2442.852009
375.053225,3374.074877
-2861.180389,7129.916012
699.421875,1649.277000
634.996977,-1637.058226
-2647.757422,6913.715452
-2340.789557,7371.907161
-2428.690318,24.201704
1801.170215,1609.385911
1954.249892,1150.782799
-1719.912433,-2863.255806
2447.940221,412.757925
-2168.594445,-1353.917723
-2079.721859,-1178.646436
-3598.747408,-2061.749027
612.481932,-2327.570811
1964.337747,573.289225
-2295.812135,-2483.200486
-2418.839904,6641.708105
-221.241536,-2712.619030
-3935.128523,-3538.033385
-1947.558640,-1497.045058
519.869374,-1673.933458
394.356078,-2399.324232
-3311.010621,-2469.979449
207.213884,-665.539171
-296.866235,4731.128379
2033.030576,7.377785
1132.716181,1697.953035
1529.252274,-915.401872
-2640.378633,6834.938994
1203.648200,-487.242968
411.851659,3843.946610
-3127.636053,3926.714673
165.829124,4136.499535
-3435.439282,3914.519536
229.525945,-1031.763130
448.597064,-1812.652770
2011.624856,-1764.792994
1715.620533,-2349.868752
369.744333,-311.214779
-1574.593076,6758.057603
902.712343,-1398.947472
1915.968233,-1685.108106
724.756701,-1991.852955
1119.849772,-1658.312361
-2879.773976,-1276.442206
428.177583,-2651.014992
2508.848296,-751.142078
1882.127351,84.424365
-355.560137,-429.993851
1864.035765,412.251251
276.240814,-1965.150546
1471.610333,1252.915674
1915.091275,-1225.186236
2017.933221,-1915.311542
1733.611663,-2277.668469
-1682.705391,7180.886793
-1104.893260,6242.029226
-1562.170621,-2974.577060
2299.454425,341.997541
-2398.073336,-2333.666119
1969.265594,-546.612492
1826.263900,732.166146
1578.580598,-299.632898
591.769628,-807.168071
-1996.451851,526.585787
1077.941137,2043.520951
2164.267873,-404.639368
2341.054441,-1774.215069
2249.087474,-989.156773
321.777867,-119.278886
-2217.715343,6655.155390
-2959.983586,-1563.004407
-3375.431931,3321.804137
412.104871,-97.950905
767.556809,-178.427273
1820.447428,-682.528131
1354.513292,-789.049686
-2383.175828,1513.851373
812.263074,-1862.580911
1334.431001,-2245.830687
2678.183347,-796.050314
-345.800549,-1129.280974
1914.935334,-2298.792579
984.641499,-109.490652
1337.169969,-303.997329
-2404.751030,6863.326573
1008.232553,-1242.026265
-1843.519179,-2125.629192
-4010.523590,-3380.764065
23.722299,-1807.973716
-2697.571061,-1521.616032
1896.861332,-1454.182256
-2502.100192,-2134.889610
1045.761099,-2229.807761
-2410.309915,-2030.372660
2073.254149,-1288.799235
-665.381929,-99.208252
138.164440,-1266.710321
1102.535510,-786.855749
-1945.643348,5889.786223
-3063.907153,6640.466390
-3632.264652,-1724.558974
-4177.022751,-3624.246542
-1541.575315,-1379.162857
-2497.819001,7377.877961
1320.286810,-854.786563
-1545.796388,-186.854450
1.002021,383.932983
-1799.335324,1615.219578
2592.135803,-780.974156
-984.486134,-1199.285957
1504.942085,-822.238389
-243.924183,4829.548023
-1769.991683,7362.611284
-3086.905167,4601.194947
276.640476,-1479.588800
1461.052686,-2105.220503
2015.790346,35.473343
1005.027362,-584.429560
-2224.732275,-879.166229
-408.667216,-1884.393887
920.839353,-1385.410150
-1590.804646,-3263.960109
2545.112602,-1622.983428
-545.395126,-53.649973
1037.275563,-2586.261872
-1696.385436,7279.124892
2642.486717,-509.916925
1948.561688,-32.447912
-2557.925619,43.181303
-2770.003548,6291.971369
2292.126115,-1412.587988
915.592818,192.839381
1841.217299,485.735206
1837.052465,318.808922
500.834817,-454.778492
646.145612,-1190.775628
-3636.930500,4445.460799
-1899.305799,7383.237919
-3357.477189,3435.497942
-1994.572077,7330.761086
1984.862854,1283.298971
1223.782265,-524.148640
-1822.500348,2928.170517
-1544.888794,-1121.812820
1305.099441,1237.119522
-1799.854631,-893.210394
344.059107,-3118.779402
1327.424782,-590.848048
-2091.267489,7477.491269
517.243078,-1191.845241
663.972316,-1124.536359
65.379818,-1930.049192
942.274316,1634.409069
-2530.406722,-1836.587363
1579.767926,-150.708485
-1308.648684,-2607.508609
797.138193,-427.412567
681.910882,-820.454676
-1711.805320,-2306.996307
1800.764545,607.532277
-1766.509748,2962.476969
1416.061676,2044.893648
2003.683014,1021.147368
-133.866748,-1023.628034
910.437568,-1556.703635
-167.598311,-1772.125454
432.900313,8.637351
2498.045206,39.465077
-1888.692232,-2552.122208
1090.799616,-528.704782
1836.817958,-949.805929
1090.598233,336.102698
-2631.191649,5576.488173
-1691.490063,-1455.019522
-1477.585864,-1800.188066
2106.378667,433.864562
-212.380266,-1609.376447
-2434.209819,7043.467095
1222.141701,1426.362187
-3545.135693,-3475.666258
1836.199620,-234.141671
-2924.934556,-1743.497879
1052.485932,2168.780162
740.970350,291.656465
-597.012507,-3221.562969
1849.620001,-808.968651
-3346.763612,3159.163734
2223.329373,-738.362762
-2341.598011,-1386.073972
-2441.800765,7152.031201
-2858.097738,-3030.995406
1412.230369,1047.868497
1885.842575,-684.752937
2596.617569,-1516.700371
1020.212815,-1334.638351
2337.584603,-702.777355
-74.558608,-3110.232981
1792.068498,-140.519822
-225.707492,2799.582046
428.841809,-1731.604949
1765.908370,-2164.341875
2380.769012,-1523.229837
1572.439185,-1636.184659
-1330.485411,-2899.089283
2391.163962,-1406.265922
746.913574,-470.345968
-1427.242022,-2152.750227
-594.240698,-2637.445772
2338.525964,916.253715
743.630391,-2668.243519
-2473.133025,7095.103233
-3403.857729,4854.633712
-1224.899534,-1295.669711
-378.804454,-457.967958
2197.166940,-418.502620
665.100744,-1293.877483
2457.917436,-911.062703
270.005452,-2831.298455
-2458.846031,6253.461823
1668.133910,-1885.464405
1334.916915,-930.736623
96.823004,-372.134445
-640.063221,-379.472786
685.794231,1341.576128
-4070.139111,-3296.208787
-3002.134045,-3285.892041
-2232.275063,7467.210719
1102.162021,-2049.946301
-3364.594313,-1921.543415
678.521670,-933.660516
646.304193,221.347019
-24.009530,-2287.470992
2273.794403,-798.941447
2645.206681,-1314.250636
-3522.042284,-942.528230
